      0/99     1.24G   0.08403   0.02251   0.03153    0.1381        38       640  0.001493   0.01513 0.0001369 2.139e-05    0.1154   0.03409    0.0352
      1/99     6.83G   0.07435   0.02346   0.03035    0.1282        25       640   0.01807   0.03633  0.003604 0.0008108    0.1064   0.03602   0.03488
      2/99     8.78G   0.06172   0.02712    0.0293    0.1181        20       640    0.1262    0.3054    0.1421   0.04177   0.09059   0.03796   0.03209
      3/99     8.78G   0.05757   0.02353   0.02834    0.1094        38       640   0.08181     0.365   0.07094   0.01878    0.1017   0.02877   0.03033
      4/99      8.8G   0.05716   0.01771   0.02776    0.1026        37       640    0.2257    0.3775    0.2065   0.07378    0.0995   0.02665   0.03026
      5/99      8.8G     0.049    0.0165   0.02715   0.09264        16       640    0.1519     0.442    0.1703   0.05689       0.1     0.022   0.03022
      6/99      8.8G   0.04706   0.01461    0.0233   0.08497        21       640     0.216    0.6988    0.2737   0.08679    0.1025   0.02072   0.02936
      7/99      8.8G   0.03468   0.01295   0.01855   0.06618        32       640    0.3686    0.3515    0.1954    0.0619    0.1109   0.01809   0.02891
      8/99      8.8G    0.0333   0.01223   0.01849   0.06402        58       640     0.344    0.6217     0.256   0.08684    0.1081    0.0181   0.02839
      9/99      8.8G   0.03173   0.01134   0.01782   0.06089        52       640    0.1856    0.7955    0.2874    0.1555     0.103   0.01868   0.02834
     10/99      8.8G   0.03526   0.01066   0.01814   0.06407        19       640    0.1744    0.6416    0.2146   0.09643    0.1091   0.01939   0.02865
     11/99      8.8G   0.03343   0.01034   0.01821   0.06198        29       640    0.3619    0.6454    0.2471    0.1362    0.1022   0.02001   0.02815
     12/99      8.8G   0.03524   0.01214   0.01792    0.0653        49       640    0.1915    0.6496     0.228    0.1181    0.1088   0.02274   0.02795
     13/99      8.8G   0.02953   0.01369   0.01734   0.06056        37       640    0.4351    0.5106    0.2636    0.1545    0.1025   0.02244   0.02763
     14/99      8.8G   0.02812   0.01109   0.01712   0.05632        31       640    0.4051    0.5586    0.2965   0.08638     0.108   0.02112   0.02744
     15/99      8.8G    0.0299   0.01205   0.01691   0.05886        23       640    0.3171    0.5499    0.3196    0.1854    0.1047   0.02301   0.02746
     16/99      8.8G   0.02838   0.01181   0.01659   0.05678        16       640    0.3636    0.4227    0.2362    0.1207    0.1127   0.02043   0.02737
     17/99      8.8G   0.03014    0.0101   0.01721   0.05745        35       640    0.2832    0.5136    0.3273    0.1811    0.1118   0.02119   0.02756
     18/99      8.8G   0.02929   0.01077   0.01641   0.05647        15       640     0.278    0.6951    0.3581    0.2033    0.1129   0.01886   0.02757
     19/99      8.8G   0.02896   0.00931   0.01624   0.05451        44       640    0.4792    0.5344    0.3902    0.2209    0.1172   0.01615   0.02755
     20/99      8.8G    0.0299  0.008523   0.01576   0.05418        11       640    0.3609    0.5949    0.3869    0.2063    0.1106   0.02084   0.02813
     21/99      8.8G   0.02629   0.00883    0.0156   0.05072        43       640    0.5539    0.4595    0.4402    0.2793    0.1099   0.01943   0.02776
     22/99      8.8G   0.02546  0.008145   0.01513   0.04874        20       640    0.4992    0.5568    0.4818    0.2449    0.1066   0.02039   0.02733
     23/99      8.8G   0.02391  0.008894   0.01477   0.04757        16       640    0.5969     0.547    0.5094    0.2423    0.1082   0.01919    0.0274
     24/99      8.8G   0.03098  0.008761   0.01485   0.05459        20       640    0.6248    0.4722    0.4597    0.1381    0.1143   0.01904   0.02735
     25/99      8.8G   0.02764  0.009066   0.01478   0.05149        22       640    0.5348    0.5996    0.4938    0.3613    0.1035    0.0219   0.02721
     26/99      8.8G   0.02306   0.00977   0.01407   0.04689        22       640    0.6703    0.5716    0.5902    0.4409    0.1017   0.02063   0.02685
     27/99      8.8G   0.02077    0.0103   0.01389   0.04495        29       640     0.606    0.5746    0.6095    0.3418    0.0963   0.02312   0.02679
     28/99      8.8G   0.02347   0.01065   0.01361   0.04772        19       640     0.751    0.5427    0.6596    0.4866    0.0896   0.02522   0.02666
     29/99      8.8G   0.02021   0.01248    0.0128   0.04549        38       640    0.6442    0.5468    0.5906    0.3707   0.09642    0.0232   0.02657
     30/99      8.8G   0.02562   0.00986   0.01316   0.04864        37       640    0.7507    0.5714    0.6681    0.5065   0.09066    0.0235    0.0272
     31/99      8.8G   0.02032   0.01024   0.01261   0.04317        14       640     0.733    0.5579    0.6917    0.5503   0.09081   0.02168   0.02784
     32/99      8.8G   0.02097   0.00929   0.01319   0.04344        49       640    0.8245    0.5332    0.6959    0.5343   0.09016   0.02168   0.02757
     33/99      8.8G   0.01967   0.01024   0.01195   0.04185        30       640    0.4933    0.7283     0.707    0.4581    0.0918   0.02006   0.02745
     34/99      8.8G   0.02409   0.01041   0.01251   0.04702        46       640    0.5413    0.7159    0.6945     0.448    0.0921   0.01999    0.0272
     35/99      8.8G   0.01882  0.009135   0.01203   0.03999        22       640    0.8374    0.5413    0.6847    0.3677   0.09445   0.01914   0.02796
     36/99      8.8G   0.02601   0.01044   0.01084   0.04728        34       640    0.6777    0.5953    0.6991    0.4311    0.0984   0.02057   0.02831
     37/99      8.8G   0.02024  0.009908   0.01105   0.04119        62       640    0.6352    0.6922    0.6934    0.5478   0.09392   0.01943    0.0303
     38/99      8.8G    0.0244  0.008952   0.01323   0.04658        41       640    0.5936     0.568    0.6004    0.4425   0.09126   0.02262   0.03017
     39/99      8.8G   0.01707   0.00957   0.01225    0.0389        33       640    0.6103    0.5379    0.5704    0.4328   0.08888   0.02176   0.02981
     40/99      8.8G    0.0212  0.009452   0.01421   0.04486        39       640    0.5657    0.5916    0.5513    0.4153   0.09006   0.02072   0.02982
     41/99      8.8G   0.01678   0.00993   0.01243   0.03913        36       640    0.7807    0.4861    0.6474    0.5109   0.09254   0.02082   0.03069
     42/99      8.8G   0.02839  0.009676   0.01422   0.05228        54       640    0.6888    0.6637    0.6808    0.4939    0.0977   0.02223   0.02869
     43/99      8.8G    0.0241   0.01142   0.01392   0.04944        50       640    0.6905    0.6402    0.6846    0.5582   0.09338   0.02442   0.02819
     44/99      8.8G   0.02078   0.01047   0.01348   0.04473        40       640    0.7091    0.6028    0.6586     0.518   0.09786   0.02026   0.02865
     45/99      8.8G   0.01833   0.00894   0.01241   0.03968        27       640    0.7171    0.5312    0.6142    0.4887    0.1002   0.01776   0.03115
     46/99      8.8G   0.02094  0.009625   0.01362   0.04418        44       640    0.5078    0.6391    0.6188    0.4569   0.09748   0.01795   0.03191
     47/99      8.8G   0.01593  0.009103   0.01131   0.03634        30       640    0.6423    0.6084    0.6287    0.5149   0.09598    0.0176    0.0316
     48/99      8.8G    0.0152  0.007965   0.01119   0.03435        35       640    0.8321    0.5357    0.6599    0.5424   0.09146   0.01798   0.03067
     49/99      8.8G   0.01319   0.00881   0.01084   0.03284        23       640     0.595    0.6296    0.6566    0.5308   0.09003   0.01727   0.03059
     50/99      8.8G    0.0128  0.008882   0.01055   0.03223        21       640    0.5718    0.7084    0.6746    0.5598   0.08956    0.0162   0.03095
     51/99      8.8G   0.01586  0.009143   0.01018   0.03519        46       640    0.6502    0.6716    0.7033    0.5661   0.09069   0.01685   0.03072
     52/99      8.8G   0.01521  0.007832  0.009515   0.03256        16       640    0.8472    0.5866    0.6994    0.6005   0.09128   0.01716   0.03083
     53/99      8.8G   0.01113   0.00853  0.008613   0.02828        38       640    0.8016    0.5991    0.6867     0.573   0.09291   0.01776   0.03136
     54/99      8.8G    0.0137  0.008661   0.01044   0.03281        57       640    0.8583    0.6252      0.72    0.6171   0.09132   0.01812   0.02937
     55/99      8.8G   0.01168  0.007976  0.008621   0.02828        10       640    0.8514    0.6278    0.7189    0.6204   0.09086   0.01866   0.02946
     56/99      8.8G   0.01525  0.008114  0.008955   0.03231        38       640    0.8619    0.6583    0.7389    0.6445   0.08993   0.01867   0.03036
     57/99      8.8G   0.01751  0.007403  0.009963   0.03487        47       640    0.9144    0.6812    0.7603    0.6657   0.08871   0.01858   0.02707
     58/99      8.8G  0.009636  0.008149  0.008263   0.02605        24       640    0.8785    0.7055    0.7494    0.6452   0.09017   0.01851   0.02659
     59/99      8.8G    0.0119  0.008594  0.008287   0.02878        17       640    0.8857    0.6938    0.7669     0.632    0.0901   0.01856   0.02648
     60/99      8.8G   0.01468  0.008327  0.008388    0.0314        43       640    0.8861    0.7318    0.7675    0.6695   0.08938   0.01899   0.02633
     61/99      8.8G   0.01483  0.008568  0.009272   0.03267        35       640       0.9    0.7063    0.7764     0.676   0.08755    0.0188   0.02444
     62/99      8.8G   0.01167  0.007536  0.009102   0.02831        23       640    0.9004    0.7092    0.7747    0.6343   0.09074   0.01887   0.02329
     63/99      8.8G   0.01583  0.008308  0.008786   0.03292        21       640    0.9115    0.7167    0.7678    0.6825    0.0872    0.0183   0.02298
     64/99      8.8G   0.01454  0.007684  0.008195   0.03041        16       640    0.8729    0.7221    0.7702    0.6859    0.0871   0.01879   0.02282
     65/99      8.8G   0.01358   0.00746  0.008457    0.0295        16       640    0.9049    0.7207    0.7831    0.6886   0.08705   0.01868   0.02279
     66/99      8.8G   0.00894  0.007822  0.007702   0.02446        31       640     0.907    0.7182    0.7866    0.7002   0.08625   0.01834   0.02301
     67/99      8.8G   0.01257  0.008121  0.007632   0.02833        11       640    0.9148    0.7294     0.785    0.6894   0.08723   0.01826   0.02327
     68/99      8.8G   0.01101  0.008469   0.00662    0.0261        30       640    0.8795    0.7388     0.771    0.6812   0.08769   0.01829    0.0237
     69/99      8.8G  0.008451  0.007558  0.006659   0.02267        34       640    0.6404    0.8132    0.7719    0.6891   0.08622    0.0182   0.02435
     70/99      8.8G   0.01007  0.007422  0.007675   0.02517        30       640    0.6379    0.8225    0.7737    0.6818    0.0879   0.01817   0.02471
     71/99      8.8G  0.008416  0.007393  0.006703   0.02251        36       640     0.663    0.8293    0.7831    0.6926   0.08671    0.0181   0.02473
     72/99      8.8G   0.01375  0.007886  0.007464    0.0291        36       640    0.6607    0.8616    0.7876    0.6815   0.08702   0.01807   0.02496
     73/99      8.8G   0.01587  0.007095  0.007502   0.03046        38       640     0.639    0.9005    0.7884    0.6996   0.08662   0.01796   0.02474
     74/99      8.8G   0.01274  0.007091  0.007745   0.02758        34       640     0.651    0.8334    0.7787     0.694     0.086   0.01771    0.0238
     75/99      8.8G   0.01502  0.007407  0.008152   0.03058        16       640    0.6391    0.8402    0.7828    0.6952   0.08658   0.01781   0.02291
     76/99      8.8G    0.0109  0.007668  0.006849   0.02542        24       640    0.6649    0.8508    0.7878    0.6902   0.08683   0.01788   0.02207
     77/99      8.8G   0.01273  0.006317  0.007224   0.02627        24       640    0.6907    0.8252    0.7958    0.7098   0.08608   0.01759   0.02163
     78/99      8.8G  0.007617  0.006074  0.006333   0.02002        33       640    0.6533    0.9333    0.7942    0.7079   0.08565   0.01735   0.02141
     79/99      8.8G   0.01487  0.007854  0.007552   0.03028        55       640    0.6926    0.8418    0.7922    0.7124   0.08528   0.01748   0.02121
     80/99      8.8G   0.01297  0.007024  0.006686   0.02668        19       640    0.7344    0.8064    0.7891     0.708   0.08558   0.01756   0.02099
     81/99      8.8G  0.009799  0.006554  0.006351    0.0227        27       640    0.6846    0.9151    0.7931    0.7111   0.08538   0.01739   0.02069
     82/99      8.8G   0.00905   0.00693  0.005668   0.02165        34       640    0.6786    0.9028    0.7916    0.7083   0.08543   0.01726   0.02061
     83/99      8.8G  0.009577  0.006647  0.006166   0.02239        18       640    0.6724    0.9136    0.7878    0.6988   0.08568   0.01737   0.02055
     84/99      8.8G  0.007535  0.006436  0.005517   0.01949        31       640    0.6646    0.8981    0.7832     0.698   0.08557   0.01746   0.02051
     85/99      8.8G   0.01197  0.006499  0.007125    0.0256        27       640    0.6713    0.8815    0.7852    0.7002   0.08541   0.01762   0.02032
     86/99      8.8G  0.006668  0.006746  0.005766   0.01918        36       640    0.6886    0.9165    0.8006    0.7199   0.08484   0.01745   0.02013
     87/99      8.8G  0.009539  0.006432  0.005556   0.02153        19       640    0.6913    0.9035     0.798    0.7129   0.08484   0.01733   0.02009
     88/99      8.8G   0.01434  0.006439  0.006043   0.02683        35       640    0.6822    0.9109    0.7977    0.7134    0.0849    0.0172   0.02002
     89/99      8.8G  0.009175   0.00615  0.006019   0.02134        22       640    0.6927    0.9184    0.7927    0.7091   0.08486   0.01707   0.01998
     90/99      8.8G  0.009243  0.006609   0.00591   0.02176        51       640     0.692    0.9175    0.7904    0.7054   0.08516   0.01714   0.01991
     91/99      8.8G  0.006764  0.006375  0.005504   0.01864        23       640    0.6916    0.8625    0.7885    0.7045   0.08499   0.01716    0.0199
     92/99      8.8G   0.01187  0.006661  0.006342   0.02488        46       640    0.6781    0.8862    0.8061    0.7242   0.08507   0.01717   0.01979
     93/99      8.8G  0.006792  0.006858  0.005064   0.01871        39       640    0.6714    0.9028    0.8204    0.7317   0.08516   0.01707   0.01969
     94/99      8.8G   0.01158  0.006476  0.005727   0.02378        32       640    0.6838    0.8862    0.8098    0.7241   0.08498   0.01691   0.01952
     95/99      8.8G  0.009391  0.006718  0.005652   0.02176        50       640    0.6963    0.8862    0.8119    0.7247   0.08489   0.01699   0.01945
     96/99      8.8G  0.006861   0.00619  0.005394   0.01844        32       640    0.6994    0.8893    0.8157    0.7314    0.0849   0.01703   0.01926
     97/99      8.8G  0.009036  0.006582  0.006069   0.02169        60       640    0.7049    0.9084    0.8174    0.7371   0.08499    0.0168   0.01923
     98/99      8.8G  0.009234  0.006389  0.005781    0.0214        24       640    0.7077    0.8517    0.8146    0.7294   0.08523   0.01674    0.0193
     99/99      8.8G  0.006627  0.006618  0.004792   0.01804        34       640    0.6905    0.9028    0.8162    0.7308   0.08525   0.01675    0.0194
